>CAATGGTCCG	1-CAATGGTCCG	10.966257	-21.291374	0	T:6.0(15.38%),B:21.2(0.21%),P:1e-9	Tpos:1254.0,Tstd:508.3,Bpos:1300.8,Bstd:361.5,StrandBias:-1.0,Multiplicity:1.00
0.001	0.997	0.001	0.001
0.800	0.001	0.001	0.198
0.824	0.174	0.001	0.001
0.001	0.001	0.001	0.997
0.001	0.001	0.857	0.141
0.001	0.001	0.800	0.198
0.001	0.001	0.001	0.997
0.124	0.874	0.001	0.001
0.001	0.997	0.001	0.001
0.001	0.001	0.997	0.001
>AACAGTTCTG	2-AACAGTTCTG	10.250164	-20.949614	0	T:12.0(30.77%),B:295.6(2.89%),P:1e-9	Tpos:834.2,Tstd:329.9,Bpos:891.0,Bstd:566.3,StrandBias:-0.7,Multiplicity:1.08
0.920	0.001	0.001	0.078
0.997	0.001	0.001	0.001
0.001	0.997	0.001	0.001
0.935	0.001	0.001	0.063
0.149	0.054	0.756	0.041
0.001	0.189	0.100	0.710
0.001	0.001	0.001	0.997
0.069	0.895	0.001	0.035
0.001	0.001	0.001	0.997
0.092	0.001	0.857	0.050
>TCTTCATGCA	3-TCTTCATGCA	10.266653	-18.011695	0	T:12.0(30.77%),B:386.1(3.78%),P:1e-7	Tpos:1044.7,Tstd:395.5,Bpos:968.7,Bstd:559.8,StrandBias:2.0,Multiplicity:1.17
0.001	0.075	0.001	0.923
0.001	0.959	0.001	0.039
0.001	0.080	0.001	0.918
0.081	0.091	0.063	0.765
0.071	0.927	0.001	0.001
0.923	0.001	0.001	0.075
0.068	0.102	0.001	0.829
0.001	0.140	0.817	0.042
0.001	0.997	0.001	0.001
0.997	0.001	0.001	0.001
>TATGCAACTA	4-TATGCAACTA	10.000025	-15.767478	0	T:11.0(28.21%),B:381.5(3.74%),P:1e-6	Tpos:961.1,Tstd:453.4,Bpos:791.5,Bstd:511.0,StrandBias:-1.3,Multiplicity:1.27
0.058	0.001	0.001	0.940
0.895	0.103	0.001	0.001
0.001	0.001	0.105	0.893
0.001	0.001	0.924	0.074
0.059	0.939	0.001	0.001
0.909	0.001	0.001	0.089
0.807	0.103	0.089	0.001
0.029	0.855	0.068	0.048
0.001	0.080	0.001	0.918
0.997	0.001	0.001	0.001
>GCCATTAAAG	5-GCCATTAAAG	10.385478	-13.327607	0	T:8.0(20.51%),B:217.3(2.13%),P:1e-5	Tpos:1087.1,Tstd:467.8,Bpos:924.7,Bstd:550.3,StrandBias:1.6,Multiplicity:1.00
0.084	0.001	0.914	0.001
0.066	0.932	0.001	0.001
0.077	0.921	0.001	0.001
0.927	0.001	0.001	0.071
0.071	0.001	0.001	0.927
0.074	0.097	0.001	0.828
0.885	0.001	0.113	0.001
0.792	0.098	0.001	0.109
0.997	0.001	0.001	0.001
0.051	0.001	0.947	0.001
>TAACTGAAGC	6-TAACTGAAGC	9.476434	-13.126335	0	T:11.0(28.21%),B:500.4(4.90%),P:1e-5	Tpos:1007.1,Tstd:449.3,Bpos:941.5,Bstd:569.0,StrandBias:0.2,Multiplicity:1.18
0.095	0.001	0.001	0.903
0.997	0.001	0.001	0.001
0.997	0.001	0.001	0.001
0.109	0.889	0.001	0.001
0.001	0.001	0.001	0.997
0.001	0.178	0.820	0.001
0.836	0.162	0.001	0.001
0.997	0.001	0.001	0.001
0.120	0.001	0.798	0.081
0.148	0.712	0.001	0.139
>TTACGGACTA	7-TTACGGACTA	11.545244	-12.436967	0	T:4.0(10.26%),B:25.0(0.25%),P:1e-5	Tpos:628.4,Tstd:588.9,Bpos:914.5,Bstd:393.5,StrandBias:-0.4,Multiplicity:1.75
0.001	0.001	0.001	0.997
0.001	0.001	0.001	0.997
0.997	0.001	0.001	0.001
0.113	0.885	0.001	0.001
0.001	0.001	0.635	0.363
0.001	0.001	0.997	0.001
0.997	0.001	0.001	0.001
0.001	0.997	0.001	0.001
0.001	0.001	0.001	0.997
0.641	0.179	0.001	0.179
>TCTAAATTCT	8-TCTAAATTCT	9.263028	-9.843883	0	T:12.0(30.77%),B:849.2(8.32%),P:1e-4	Tpos:843.6,Tstd:518.6,Bpos:860.5,Bstd:516.6,StrandBias:-1.7,Multiplicity:1.42
0.082	0.001	0.001	0.916
0.081	0.854	0.064	0.001
0.001	0.001	0.001	0.997
0.646	0.001	0.352	0.001
0.895	0.001	0.001	0.103
0.997	0.001	0.001	0.001
0.001	0.001	0.090	0.908
0.001	0.088	0.178	0.733
0.001	0.934	0.064	0.001
0.088	0.097	0.119	0.696
>GATTACTWGT	9-GATTACTWGT	10.549301	-5.861764	0	T:3.0(7.69%),B:72.6(0.71%),P:1e-2	Tpos:424.3,Tstd:514.9,Bpos:949.6,Bstd:499.6,StrandBias:10.0,Multiplicity:2.00
0.001	0.001	0.997	0.001
0.997	0.001	0.001	0.001
0.001	0.001	0.001	0.997
0.120	0.001	0.001	0.878
0.577	0.001	0.421	0.001
0.001	0.997	0.001	0.001
0.001	0.001	0.001	0.997
0.431	0.001	0.001	0.567
0.001	0.001	0.959	0.039
0.001	0.017	0.001	0.981
>GGAATTAGAC	10-GGAATTAGAC	10.296193	-3.969449	0	T:1.0(2.56%),B:4.9(0.05%),P:1e-1	Tpos:959.3,Tstd:369.7,Bpos:1153.9,Bstd:324.9,StrandBias:-10.0,Multiplicity:3.00
0.100	0.100	0.700	0.100
0.100	0.100	0.700	0.100
0.700	0.100	0.100	0.100
0.700	0.100	0.100	0.100
0.100	0.100	0.100	0.700
0.100	0.100	0.100	0.700
0.700	0.100	0.100	0.100
0.100	0.100	0.700	0.100
0.700	0.100	0.100	0.100
0.100	0.700	0.100	0.100
>ATTACTTTTA	11-ATTACTTTTA	11.502858	-3.653271	0	T:4.0(10.26%),B:294.3(2.88%),P:1e-1	Tpos:380.0,Tstd:355.3,Bpos:802.2,Bstd:453.9,StrandBias:3.2,Multiplicity:2.50
0.997	0.001	0.001	0.001
0.001	0.001	0.001	0.997
0.001	0.001	0.001	0.997
0.997	0.001	0.001	0.001
0.001	0.997	0.001	0.001
0.001	0.001	0.001	0.997
0.001	0.001	0.001	0.997
0.001	0.001	0.001	0.997
0.001	0.106	0.097	0.796
0.997	0.001	0.001	0.001
