>GATTGCTT	1-GATTGCTT	7.834949	-10.687793	0	T:16.0(41.03%),B:1384.7(13.56%),P:1e-4	Tpos:1037.4,Tstd:449.1,Bpos:942.3,Bstd:565.2,StrandBias:-0.2,Multiplicity:1.19
0.001	0.001	0.997	0.001
0.962	0.001	0.036	0.001
0.342	0.001	0.040	0.617
0.041	0.086	0.120	0.753
0.080	0.001	0.918	0.001
0.001	0.997	0.001	0.001
0.001	0.187	0.096	0.716
0.001	0.001	0.013	0.985
>ATCTTAAC	2-ATCTTAAC	8.421914	-9.956423	0	T:14.0(35.90%),B:1138.0(11.14%),P:1e-4	Tpos:779.7,Tstd:494.2,Bpos:963.5,Bstd:557.7,StrandBias:1.8,Multiplicity:1.29
0.909	0.014	0.076	0.001
0.001	0.001	0.001	0.997
0.117	0.881	0.001	0.001
0.001	0.232	0.162	0.605
0.001	0.001	0.001	0.997
0.644	0.354	0.001	0.001
0.743	0.001	0.001	0.255
0.001	0.877	0.055	0.067
>GGAYTCCC	3-GGAYTCCC	8.256788	-9.558577	0	T:11.0(28.21%),B:734.4(7.19%),P:1e-4	Tpos:1266.6,Tstd:402.6,Bpos:1103.2,Bstd:539.8,StrandBias:-0.5,Multiplicity:1.45
0.001	0.001	0.997	0.001
0.001	0.001	0.813	0.185
0.761	0.001	0.001	0.237
0.198	0.377	0.001	0.424
0.001	0.001	0.001	0.997
0.001	0.997	0.001	0.001
0.001	0.997	0.001	0.001
0.001	0.997	0.001	0.001
>CTGCATGC	4-CTGCATGC	7.355048	-9.238081	0	T:15.0(38.46%),B:1382.5(13.54%),P:1e-4	Tpos:1051.7,Tstd:444.9,Bpos:1051.4,Bstd:571.7,StrandBias:-0.3,Multiplicity:1.27
0.001	0.997	0.001	0.001
0.001	0.001	0.001	0.997
0.001	0.108	0.890	0.001
0.001	0.997	0.001	0.001
0.997	0.001	0.001	0.001
0.001	0.001	0.001	0.997
0.001	0.001	0.773	0.225
0.001	0.997	0.001	0.001
>TAATCCAA	5-TAATCCAA	5.635254	-7.085735	0	T:19.0(48.72%),B:2483.7(24.32%),P:1e-3	Tpos:828.1,Tstd:506.5,Bpos:957.6,Bstd:561.6,StrandBias:-1.3,Multiplicity:1.47
0.001	0.001	0.001	0.997
0.966	0.001	0.032	0.001
0.997	0.001	0.001	0.001
0.001	0.001	0.095	0.903
0.001	0.997	0.001	0.001
0.001	0.939	0.059	0.001
0.997	0.001	0.001	0.001
0.799	0.070	0.130	0.001
