>CAATGGTCCG	1-CAATGGTCCG	10.966257	-21.291374	0	T:6.0(15.38%),B:21.2(0.21%),P:1e-9	Tpos:1254.0,Tstd:508.3,Bpos:1300.8,Bstd:361.5,StrandBias:-1.0,Multiplicity:1.00
0.001	0.997	0.001	0.001
0.800	0.001	0.001	0.198
0.824	0.174	0.001	0.001
0.001	0.001	0.001	0.997
0.001	0.001	0.857	0.141
0.001	0.001	0.800	0.198
0.001	0.001	0.001	0.997
0.124	0.874	0.001	0.001
0.001	0.997	0.001	0.001
0.001	0.001	0.997	0.001
>AACAGTTCTG	2-AACAGTTCTG	10.250164	-20.949614	0	T:12.0(30.77%),B:295.6(2.89%),P:1e-9	Tpos:834.2,Tstd:329.9,Bpos:891.0,Bstd:566.3,StrandBias:-0.7,Multiplicity:1.08
0.920	0.001	0.001	0.078
0.997	0.001	0.001	0.001
0.001	0.997	0.001	0.001
0.935	0.001	0.001	0.063
0.149	0.054	0.756	0.041
0.001	0.189	0.100	0.710
0.001	0.001	0.001	0.997
0.069	0.895	0.001	0.035
0.001	0.001	0.001	0.997
0.092	0.001	0.857	0.050
>TCTTCATGCA	3-TCTTCATGCA	10.266653	-18.011695	0	T:12.0(30.77%),B:386.1(3.78%),P:1e-7	Tpos:1044.7,Tstd:395.5,Bpos:968.7,Bstd:559.8,StrandBias:2.0,Multiplicity:1.17
0.001	0.075	0.001	0.923
0.001	0.959	0.001	0.039
0.001	0.080	0.001	0.918
0.081	0.091	0.063	0.765
0.071	0.927	0.001	0.001
0.923	0.001	0.001	0.075
0.068	0.102	0.001	0.829
0.001	0.140	0.817	0.042
0.001	0.997	0.001	0.001
0.997	0.001	0.001	0.001
>TATGCAACTA	4-TATGCAACTA	10.000025	-15.767478	0	T:11.0(28.21%),B:381.5(3.74%),P:1e-6	Tpos:961.1,Tstd:453.4,Bpos:791.5,Bstd:511.0,StrandBias:-1.3,Multiplicity:1.27
0.058	0.001	0.001	0.940
0.895	0.103	0.001	0.001
0.001	0.001	0.105	0.893
0.001	0.001	0.924	0.074
0.059	0.939	0.001	0.001
0.909	0.001	0.001	0.089
0.807	0.103	0.089	0.001
0.029	0.855	0.068	0.048
0.001	0.080	0.001	0.918
0.997	0.001	0.001	0.001
>GCCATTAAAG	5-GCCATTAAAG	10.385478	-13.327607	0	T:8.0(20.51%),B:217.3(2.13%),P:1e-5	Tpos:1087.1,Tstd:467.8,Bpos:924.7,Bstd:550.3,StrandBias:1.6,Multiplicity:1.00
0.084	0.001	0.914	0.001
0.066	0.932	0.001	0.001
0.077	0.921	0.001	0.001
0.927	0.001	0.001	0.071
0.071	0.001	0.001	0.927
0.074	0.097	0.001	0.828
0.885	0.001	0.113	0.001
0.792	0.098	0.001	0.109
0.997	0.001	0.001	0.001
0.051	0.001	0.947	0.001
>TAACTGAAGC	6-TAACTGAAGC	9.476434	-13.126335	0	T:11.0(28.21%),B:500.4(4.90%),P:1e-5	Tpos:1007.1,Tstd:449.3,Bpos:941.5,Bstd:569.0,StrandBias:0.2,Multiplicity:1.18
0.095	0.001	0.001	0.903
0.997	0.001	0.001	0.001
0.997	0.001	0.001	0.001
0.109	0.889	0.001	0.001
0.001	0.001	0.001	0.997
0.001	0.178	0.820	0.001
0.836	0.162	0.001	0.001
0.997	0.001	0.001	0.001
0.120	0.001	0.798	0.081
0.148	0.712	0.001	0.139
>TTACGGACTA	7-TTACGGACTA	11.545244	-12.436967	0	T:4.0(10.26%),B:25.0(0.25%),P:1e-5	Tpos:628.4,Tstd:588.9,Bpos:914.5,Bstd:393.5,StrandBias:-0.4,Multiplicity:1.75
0.001	0.001	0.001	0.997
0.001	0.001	0.001	0.997
0.997	0.001	0.001	0.001
0.113	0.885	0.001	0.001
0.001	0.001	0.635	0.363
0.001	0.001	0.997	0.001
0.997	0.001	0.001	0.001
0.001	0.997	0.001	0.001
0.001	0.001	0.001	0.997
0.641	0.179	0.001	0.179
>TCTAAATTCT	8-TCTAAATTCT	9.263028	-9.843883	0	T:12.0(30.77%),B:849.2(8.32%),P:1e-4	Tpos:843.6,Tstd:518.6,Bpos:860.5,Bstd:516.6,StrandBias:-1.7,Multiplicity:1.42
0.082	0.001	0.001	0.916
0.081	0.854	0.064	0.001
0.001	0.001	0.001	0.997
0.646	0.001	0.352	0.001
0.895	0.001	0.001	0.103
0.997	0.001	0.001	0.001
0.001	0.001	0.090	0.908
0.001	0.088	0.178	0.733
0.001	0.934	0.064	0.001
0.088	0.097	0.119	0.696
>GATTACTWGT	9-GATTACTWGT	10.549301	-5.861764	0	T:3.0(7.69%),B:72.6(0.71%),P:1e-2	Tpos:424.3,Tstd:514.9,Bpos:949.6,Bstd:499.6,StrandBias:10.0,Multiplicity:2.00
0.001	0.001	0.997	0.001
0.997	0.001	0.001	0.001
0.001	0.001	0.001	0.997
0.120	0.001	0.001	0.878
0.577	0.001	0.421	0.001
0.001	0.997	0.001	0.001
0.001	0.001	0.001	0.997
0.431	0.001	0.001	0.567
0.001	0.001	0.959	0.039
0.001	0.017	0.001	0.981
>GGAATTAGAC	10-GGAATTAGAC	10.296193	-3.969449	0	T:1.0(2.56%),B:4.9(0.05%),P:1e-1	Tpos:959.3,Tstd:369.7,Bpos:1153.9,Bstd:324.9,StrandBias:-10.0,Multiplicity:3.00
0.100	0.100	0.700	0.100
0.100	0.100	0.700	0.100
0.700	0.100	0.100	0.100
0.700	0.100	0.100	0.100
0.100	0.100	0.100	0.700
0.100	0.100	0.100	0.700
0.700	0.100	0.100	0.100
0.100	0.100	0.700	0.100
0.700	0.100	0.100	0.100
0.100	0.700	0.100	0.100
>ATTACTTTTA	11-ATTACTTTTA	11.502858	-3.653271	0	T:4.0(10.26%),B:294.3(2.88%),P:1e-1	Tpos:380.0,Tstd:355.3,Bpos:802.2,Bstd:453.9,StrandBias:3.2,Multiplicity:2.50
0.997	0.001	0.001	0.001
0.001	0.001	0.001	0.997
0.001	0.001	0.001	0.997
0.997	0.001	0.001	0.001
0.001	0.997	0.001	0.001
0.001	0.001	0.001	0.997
0.001	0.001	0.001	0.997
0.001	0.001	0.001	0.997
0.001	0.106	0.097	0.796
0.997	0.001	0.001	0.001
>TTGAATAAGATT	1-TTGAATAAGATT	13.172199	-19.797057	0	T:6.0(15.38%),B:29.0(0.28%),P:1e-8	Tpos:385.7,Tstd:228.9,Bpos:828.4,Bstd:477.0,StrandBias:0.4,Multiplicity:1.17
0.254	0.001	0.001	0.744
0.001	0.001	0.001	0.997
0.001	0.001	0.807	0.191
0.794	0.001	0.204	0.001
0.997	0.001	0.001	0.001
0.001	0.001	0.001	0.997
0.997	0.001	0.001	0.001
0.997	0.001	0.001	0.001
0.165	0.001	0.833	0.001
0.997	0.001	0.001	0.001
0.001	0.001	0.001	0.997
0.001	0.001	0.001	0.997
>TGGCGAACGCCT	2-TGGCGAACGCCT	9.794613	-18.896823	0	T:4.0(10.26%),B:4.0(0.04%),P:1e-8	Tpos:1505.2,Tstd:22.1,Bpos:1613.9,Bstd:71.7,StrandBias:1.6,Multiplicity:1.00
0.001	0.152	0.001	0.846
0.001	0.001	0.948	0.050
0.001	0.001	0.997	0.001
0.001	0.997	0.001	0.001
0.001	0.001	0.846	0.152
0.997	0.001	0.001	0.001
0.997	0.001	0.001	0.001
0.001	0.997	0.001	0.001
0.050	0.001	0.948	0.001
0.001	0.997	0.001	0.001
0.001	0.997	0.001	0.001
0.001	0.001	0.001	0.997
>ATGCTTCCAAGT	3-ATGCTTCCAAGT	14.568925	-18.896823	0	T:4.0(10.26%),B:3.3(0.03%),P:1e-8	Tpos:1317.8,Tstd:246.7,Bpos:1083.5,Bstd:410.1,StrandBias:0.0,Multiplicity:1.00
0.997	0.001	0.001	0.001
0.001	0.001	0.001	0.997
0.001	0.266	0.732	0.001
0.001	0.997	0.001	0.001
0.001	0.001	0.232	0.766
0.001	0.001	0.001	0.997
0.232	0.766	0.001	0.001
0.001	0.997	0.001	0.001
0.997	0.001	0.001	0.001
0.997	0.001	0.001	0.001
0.001	0.001	0.997	0.001
0.001	0.001	0.001	0.997
>GCAGTTGCACAA	4-GCAGTTGCACAA	14.178898	-18.800858	0	T:5.0(12.82%),B:14.2(0.14%),P:1e-8	Tpos:986.8,Tstd:438.1,Bpos:991.9,Bstd:353.5,StrandBias:2.0,Multiplicity:1.00
0.001	0.001	0.997	0.001
0.001	0.997	0.001	0.001
0.997	0.001	0.001	0.001
0.236	0.001	0.762	0.001
0.001	0.001	0.001	0.997
0.001	0.001	0.001	0.997
0.178	0.001	0.653	0.168
0.001	0.997	0.001	0.001
0.997	0.001	0.001	0.001
0.001	0.997	0.001	0.001
0.997	0.001	0.001	0.001
0.821	0.001	0.177	0.001
>ATTTATAAAACC	5-ATTTATAAAACC	13.573386	-15.954949	0	T:6.0(15.38%),B:57.1(0.56%),P:1e-6	Tpos:1189.6,Tstd:288.9,Bpos:746.4,Bstd:408.7,StrandBias:-1.3,Multiplicity:1.17
0.997	0.001	0.001	0.001
0.001	0.001	0.001	0.997
0.001	0.001	0.001	0.997
0.001	0.201	0.001	0.797
0.997	0.001	0.001	0.001
0.001	0.001	0.001	0.997
0.997	0.001	0.001	0.001
0.820	0.001	0.001	0.178
0.997	0.001	0.001	0.001
0.997	0.001	0.001	0.001
0.001	0.679	0.188	0.132
0.108	0.890	0.001	0.001
>AYGCAASMARSC	6-AYGCAASMARSC	10.100679	-15.316959	0	T:6.0(15.38%),B:64.9(0.64%),P:1e-6	Tpos:1081.7,Tstd:480.6,Bpos:1003.4,Bstd:600.6,StrandBias:1.0,Multiplicity:1.00
0.971	0.001	0.027	0.001
0.001	0.458	0.001	0.540
0.001	0.001	0.997	0.001
0.001	0.997	0.001	0.001
0.944	0.054	0.001	0.001
0.916	0.082	0.001	0.001
0.001	0.458	0.540	0.001
0.540	0.458	0.001	0.001
0.997	0.001	0.001	0.001
0.485	0.001	0.513	0.001
0.001	0.485	0.513	0.001
0.027	0.971	0.001	0.001
>AACTATAGTTGC	7-AACTATAGTTGC	14.329845	-13.247944	0	T:3.0(7.69%),B:5.0(0.05%),P:1e-5	Tpos:775.4,Tstd:175.9,Bpos:942.8,Bstd:343.9,StrandBias:-0.6,Multiplicity:1.00
0.794	0.001	0.001	0.204
0.997	0.001	0.001	0.001
0.001	0.794	0.001	0.204
0.001	0.001	0.001	0.997
0.997	0.001	0.001	0.001
0.001	0.001	0.001	0.997
0.997	0.001	0.001	0.001
0.204	0.001	0.794	0.001
0.001	0.001	0.001	0.997
0.001	0.001	0.001	0.997
0.001	0.001	0.997	0.001
0.204	0.794	0.001	0.001
>AAAACATGAACT	8-AAAACATGAACT	9.972631	-12.459412	0	T:14.0(35.90%),B:913.4(8.94%),P:1e-5	Tpos:897.9,Tstd:403.1,Bpos:794.4,Bstd:500.9,StrandBias:-0.3,Multiplicity:1.29
0.920	0.078	0.001	0.001
0.738	0.001	0.002	0.259
0.761	0.003	0.006	0.230
0.889	0.001	0.107	0.003
0.002	0.707	0.107	0.184
0.996	0.001	0.001	0.002
0.001	0.001	0.001	0.997
0.076	0.001	0.794	0.129
0.555	0.001	0.373	0.071
0.972	0.001	0.001	0.026
0.001	0.860	0.002	0.137
0.219	0.003	0.001	0.777
>TAATTTTGTAGA	9-TAATTTTGTAGA	14.846475	-12.023712	0	T:3.0(7.69%),B:7.0(0.07%),P:1e-5	Tpos:646.0,Tstd:455.0,Bpos:1283.9,Bstd:370.5,StrandBias:2.0,Multiplicity:1.67
0.001	0.001	0.001	0.997
0.997	0.001	0.001	0.001
0.783	0.215	0.001	0.001
0.001	0.001	0.001	0.997
0.001	0.001	0.001	0.997
0.001	0.001	0.001	0.997
0.001	0.197	0.001	0.801
0.001	0.001	0.997	0.001
0.001	0.001	0.001	0.997
0.997	0.001	0.001	0.001
0.001	0.001	0.997	0.001
0.997	0.001	0.001	0.001
>TCTATATTCTTC	10-TCTATATTCTTC	14.580896	-10.499083	0	T:3.0(7.69%),B:13.8(0.13%),P:1e-4	Tpos:798.6,Tstd:396.8,Bpos:865.0,Bstd:488.9,StrandBias:-10.0,Multiplicity:1.67
0.001	0.001	0.001	0.997
0.001	0.997	0.001	0.001
0.001	0.001	0.001	0.997
0.736	0.001	0.262	0.001
0.001	0.001	0.001	0.997
0.997	0.001	0.001	0.001
0.001	0.001	0.001	0.997
0.001	0.001	0.001	0.997
0.001	0.997	0.001	0.001
0.001	0.001	0.001	0.997
0.001	0.001	0.001	0.997
0.300	0.504	0.001	0.195
>CACAGAATTGTT	11-CACAGAATTGTT	10.638847	-9.909831	0	T:9.0(23.08%),B:459.8(4.50%),P:1e-4	Tpos:782.6,Tstd:409.7,Bpos:782.0,Bstd:518.6,StrandBias:-1.2,Multiplicity:1.44
0.222	0.682	0.095	0.001
0.997	0.001	0.001	0.001
0.083	0.915	0.001	0.001
0.990	0.001	0.001	0.008
0.212	0.128	0.473	0.187
0.997	0.001	0.001	0.001
0.910	0.001	0.001	0.088
0.001	0.001	0.078	0.920
0.001	0.001	0.001	0.997
0.095	0.118	0.632	0.155
0.001	0.255	0.001	0.743
0.110	0.001	0.117	0.772
>GTAATCCAAAAG	12-GTAATCCAAAAG	5.545823	-9.425351	0	T:11.0(28.21%),B:745.3(7.30%),P:1e-4	Tpos:635.2,Tstd:493.3,Bpos:850.8,Bstd:541.3,StrandBias:-1.2,Multiplicity:1.82
0.118	0.001	0.768	0.113
0.001	0.001	0.001	0.997
0.997	0.001	0.001	0.001
0.997	0.001	0.001	0.001
0.001	0.001	0.001	0.997
0.001	0.997	0.001	0.001
0.001	0.876	0.001	0.122
0.997	0.001	0.001	0.001
0.683	0.158	0.001	0.158
0.997	0.001	0.001	0.001
0.997	0.001	0.001	0.001
0.001	0.001	0.997	0.001
>GTCTAATTCCAT	13-GTCTAATTCCAT	14.517327	-9.381880	0	T:2.0(5.13%),B:2.1(0.02%),P:1e-4	Tpos:988.8,Tstd:323.7,Bpos:762.3,Bstd:321.6,StrandBias:10.0,Multiplicity:2.00
0.001	0.001	0.997	0.001
0.001	0.001	0.001	0.997
0.001	0.997	0.001	0.001
0.001	0.001	0.001	0.997
0.997	0.001	0.001	0.001
0.997	0.001	0.001	0.001
0.001	0.001	0.001	0.997
0.001	0.001	0.001	0.997
0.001	0.773	0.001	0.225
0.001	0.997	0.001	0.001
0.741	0.001	0.001	0.257
0.001	0.257	0.001	0.741
>CTGCAAAATTTT	14-CTGCAAAATTTT	12.391682	-8.359986	0	T:3.0(7.69%),B:29.8(0.29%),P:1e-3	Tpos:570.6,Tstd:470.7,Bpos:676.2,Bstd:451.8,StrandBias:2.0,Multiplicity:1.67
0.001	0.828	0.001	0.170
0.001	0.001	0.001	0.997
0.001	0.001	0.997	0.001
0.001	0.997	0.001	0.001
0.997	0.001	0.001	0.001
0.868	0.044	0.001	0.087
0.997	0.001	0.001	0.001
0.997	0.001	0.001	0.001
0.001	0.001	0.001	0.997
0.001	0.001	0.001	0.997
0.001	0.001	0.001	0.997
0.001	0.001	0.001	0.997
>TACTATCATTTG	15-TACTATCATTTG	14.092715	-7.183156	0	T:2.0(5.13%),B:9.4(0.09%),P:1e-3	Tpos:767.2,Tstd:396.6,Bpos:918.3,Bstd:256.9,StrandBias:10.0,Multiplicity:2.50
0.001	0.001	0.001	0.997
0.831	0.001	0.001	0.167
0.001	0.997	0.001	0.001
0.001	0.135	0.001	0.863
0.997	0.001	0.001	0.001
0.001	0.167	0.001	0.831
0.001	0.997	0.001	0.001
0.997	0.001	0.001	0.001
0.001	0.001	0.001	0.997
0.191	0.001	0.001	0.807
0.001	0.001	0.001	0.997
0.167	0.001	0.831	0.001
>HATTACTVACTA	16-HATTACTVACTA	9.492821	-6.227271	0	T:3.0(7.69%),B:63.7(0.62%),P:1e-2	Tpos:219.1,Tstd:91.3,Bpos:925.8,Bstd:454.4,StrandBias:-1.8,Multiplicity:3.00
0.286	0.386	0.001	0.327
0.672	0.326	0.001	0.001
0.001	0.001	0.001	0.997
0.001	0.001	0.001	0.997
0.997	0.001	0.001	0.001
0.001	0.986	0.012	0.001
0.001	0.001	0.001	0.997
0.327	0.286	0.386	0.001
0.997	0.001	0.001	0.001
0.001	0.997	0.001	0.001
0.326	0.001	0.001	0.672
0.997	0.001	0.001	0.001
>GATTGCTT	1-GATTGCTT	7.834949	-10.687793	0	T:16.0(41.03%),B:1384.7(13.56%),P:1e-4	Tpos:1037.4,Tstd:449.1,Bpos:942.3,Bstd:565.2,StrandBias:-0.2,Multiplicity:1.19
0.001	0.001	0.997	0.001
0.962	0.001	0.036	0.001
0.342	0.001	0.040	0.617
0.041	0.086	0.120	0.753
0.080	0.001	0.918	0.001
0.001	0.997	0.001	0.001
0.001	0.187	0.096	0.716
0.001	0.001	0.013	0.985
>ATCTTAAC	2-ATCTTAAC	8.421914	-9.956423	0	T:14.0(35.90%),B:1138.0(11.14%),P:1e-4	Tpos:779.7,Tstd:494.2,Bpos:963.5,Bstd:557.7,StrandBias:1.8,Multiplicity:1.29
0.909	0.014	0.076	0.001
0.001	0.001	0.001	0.997
0.117	0.881	0.001	0.001
0.001	0.232	0.162	0.605
0.001	0.001	0.001	0.997
0.644	0.354	0.001	0.001
0.743	0.001	0.001	0.255
0.001	0.877	0.055	0.067
>GGAYTCCC	3-GGAYTCCC	8.256788	-9.558577	0	T:11.0(28.21%),B:734.4(7.19%),P:1e-4	Tpos:1266.6,Tstd:402.6,Bpos:1103.2,Bstd:539.8,StrandBias:-0.5,Multiplicity:1.45
0.001	0.001	0.997	0.001
0.001	0.001	0.813	0.185
0.761	0.001	0.001	0.237
0.198	0.377	0.001	0.424
0.001	0.001	0.001	0.997
0.001	0.997	0.001	0.001
0.001	0.997	0.001	0.001
0.001	0.997	0.001	0.001
>CTGCATGC	4-CTGCATGC	7.355048	-9.238081	0	T:15.0(38.46%),B:1382.5(13.54%),P:1e-4	Tpos:1051.7,Tstd:444.9,Bpos:1051.4,Bstd:571.7,StrandBias:-0.3,Multiplicity:1.27
0.001	0.997	0.001	0.001
0.001	0.001	0.001	0.997
0.001	0.108	0.890	0.001
0.001	0.997	0.001	0.001
0.997	0.001	0.001	0.001
0.001	0.001	0.001	0.997
0.001	0.001	0.773	0.225
0.001	0.997	0.001	0.001
>TAATCCAA	5-TAATCCAA	5.635254	-7.085735	0	T:19.0(48.72%),B:2483.7(24.32%),P:1e-3	Tpos:828.1,Tstd:506.5,Bpos:957.6,Bstd:561.6,StrandBias:-1.3,Multiplicity:1.47
0.001	0.001	0.001	0.997
0.966	0.001	0.032	0.001
0.997	0.001	0.001	0.001
0.001	0.001	0.095	0.903
0.001	0.997	0.001	0.001
0.001	0.939	0.059	0.001
0.997	0.001	0.001	0.001
0.799	0.070	0.130	0.001
